11010100101110110110101101100100
10011100100000111001111000010110
10000000110011011011100100010110
11000010010101100110000111110001
11110111011000111000100111001110
00111110010011011111110100011110
00110111001010000110000000010111
11011010001111111101110001010001
00011101110111011100100010000011
00101011101000100001110001010101
11001110100001110110111010100101
11101010000000011001100011101111
11001100011000000110010001001100
00100100110010100101101110000110
01101011111111011001011000110101
11011010001001111001100110000100
11111101011100011110000110000110
11101010101100011011100101010101
10011001100101111110001101101100
01100001010011001111001001000110
11000010010010100100001010101001
01000011010110001111111010111011
11111100100011111111011010011001
11001100110000000011011000101101
01100011010000101001010010001011
10011001110101010111010111111001
01001000000010111000000000001000
11100110100101011000001101101000
00100110010011001100011010011000
01100000000001011011111001101011
00101011101110000010111011011010
10101111100100101001101111010010
11110000110000110000001101011110
00110010000000000011111101001011
01000010111001000000011101110101
11111101001100011111101010101011
10101011100110111001110001000010
01111111001110101111111100000000
10000110110001010111100101111111
10110011011001111101111010000111
10010111000010111101001101000100
10010110011111010110111011001101
11011111000001011010000001101100
01010111100110010101000000100000
01110010011111010101101010111101
01011001100101011010011111000010
10010100010001110011001010011011
00001010011000100110011011010001
10001100111110100110001010100011
00110000100111110000000110010101
10100111111011001001101011110001
00100001011111000101010101100100
11111001101111001010110011100011
00011110001001000000110100011011
01100111010011010001100110110101
01101111001010100111010001111110
00111111101010011001011111101010
00010001100110010000110000001100
10000110110101101011110100010100
00100110110000111000110110011011
00111010000001010111111101001101
01001001000011000110000000110010
11011101110111110001111000111010
00111100100101111001000100111111
11001000011110000101100010011100
01100100110111011011111011001011
11001001100110001000001011000101
10001001100001111000011100000011
01110000100100000010000100001101
10001111101101110100100110100111
00110011011111000101011011010111
00100001100101010100011010101110
10000011100010100011000001001010
01001100110010000110010101000101
00111110110000100100110100000100
10101010101000010100110011011001
11010111110110111000111011011100
00101111001100010110111101011100
01001010011001110101101110101001
01100111110000101011011011111110
00100011101111110111110001001001
00001011101001010101110001010001
01111010010110111000110101011011
00000101111001110001110000101100
00111001011110101001111110101111
10011100101011110001011000011111
01100100001111001000001000101110
01000100101001011100110011001110
00101000101001100101100101110110
00010010101101010111111010101011
11000010000111000000000101001011
10000111010001000110101111001000
10010001010000110111011110111001
00011100010000111000001111011100
00001011100100100010111111110101
01000100100101000111101011110001
00011011101011110100100110001111
01010011010011100001010100011111
01101111100011001000100111001101
00011111101110011000111001010111
01101110011101110111001100011111
01111011110001111111001101110111
01011110011001100110101001111001
01100100011011101110111101100101
00111001100101100001001110001100
11110101010010100100100010100111
11010110101101011110101000110111
00111011010010101001100101000101
11010011001111111010101010111010
00001001101001110101000111001000
10111010001011100000111001001011
01110100011101101101000100101110
11100110001001111000110000110010
00000010111010011011001111000010
10001000100000000010000100010011
10100100111100010101011111010101
00000011111001111001000101001110
00101111100111000011000100010010
11010100000011000100100000100100
01111010011101101110111001000100
10101010101000001000011010100101
01101101011100010110010001000010
10000011101010000111111010010111
11111011100001111011100011011101
01111010100110010001111110111001
11000000010010111100010001010111
11011000100001001111001101110100
11010011010100110111111001011010
11101001001001100011101011111010
01010111011011110011111100001000
10100100111001011111001010000010
10110010100110110010110010111011
00100110000100110101110010100111
00010010001010011100000001100010
10111010110011010110110000101110
01010000101100001111100001000000
00011011100100101110110101110111
00000010111001110001000101001000
00000010101111111010100110111000
10101001000101110010010010011001
11110001001010111101000010001001
01011011100001000000010100011000
01011011101011011001011000100000
01101001001100010111000110101000
01001111011001011001100000100010
00010001111010100001010100010111
10111101101100010011100000111011
01001110011010011011001001011100
01000010011011011011001011000101
00011011110001000011010110110000
11101101100111110111011010011100
10010011111000110110000101100011
10011001111111001000100001101011
10101100110100011000010111001101
10110011101100001000110100000000
00100001001011100011101001000000
01100000111100000001110011010000
10111101111000101011100010010000
10001011110010000111001011100011
11101011000011100011101001111101
10011110100110010001010010010110
01001000010010010001100111011011
10100101111001110111101111000100
01000110001101100101100010010111
00001000001000000000111100101110
01011001100000100011011010110101
00101011110001100010101000101101
11100110101010011000111100110001
00100111010001010101001001011100
00101010000111110100110111111000
01010101010100000110111001110110
11000001100100010101010111010110
01001010100100101110110001001011
00101001010101110000110110000011
11000101110100111101101010110000
00100011001111100001110011010010
10110111100000011111010110000101
11100010000011000101000000101010
00100000111010110111110010001011
10010010001010101010011011101001
11000100011011111101001100100000
00100111011011101001101110011000
10001010101011100110000001100000
01111101111011010100011011100100
11111111000100110011110010011100
11101000001011011111001001110001
00101110100101101010000111001011
01111000110000101110011011000100
00110100111010001011111111111100
00000111101100001010010010011111
01001001010101011100010110010111
10101110011110000011011011111000
10000001000111011011100010110011
11011110110010101000010010001011
00000110111111001100101100100100
00010000001100011111101111110011
10100100101010000101001001011010
10011100000011001000100010101100
01110110010111000101010000110111
10011011001110101111001011000010
00101110100111011111001110101000
10100011100111101001110110100110
11000010110001111110100001100100
00000101001000100110011011010101
10001111010001001011110010100111
10110111100011111110000001111001
00011111110001111010011010101010
10110100111111100100011010111001
01000011101101001001101001000001
00011111110010101000001010000101
10111111011110110110011000001010
11011010001000001101000100000111
11011101101110000001100101001010
01100101001000111001101011000000
00001110011100110100100100101001
01001010110100010100010011110100
10101110010101100110010001110010
01010101111010110111001010111111
11011010111101000001111110100000
00110101110011111100011010001111
10101110110111101101110101111110
00101000000111011011010011111000
01100001001011001001101110011011
10000010001100111001010110111011
11000110010101010100001100001100
00111011011101000000111110010100
01101010011101100110111111101001
00110001111011100110100111010000
11010011000101101111110000110001
11111001011010001100011011001100
01111111111000011101001111001010
00111010101110010111100110111101
10111011110111011101100011101100
10001010101110110001001011011110
01111001001111011011000100000101
00000010111001011110110010010101
11010110110110101110111000000000
11000001110011111010100101001100
00100011001000010100000001010010
10110101010000101100010010110111
00110011111100010011110110101111
11111110100011101000010000101010
00100110000101010101101010110110
01010011100100001110011111000001
00000111100010001011000101001011
01101111100110000001110010001010
10100110100001001000110001000111
10010000101001100000001111001111
00010000100110111111101100101011
01111110001100110010110110111101
01111111000101110110100001110111
01110000001001011100101001101110
01111001001010100010000011010110
11001101001001110011100010100001
10000010010011011000101101010101
10111010100111101010010010100111
00101001010010101001110100111001
10000101100111011001101111111000
00110011101000111110001100011010
11010110101001001010110100010111
10001010110001110011100110000100
10110101101001100110111101011100
10010101010111101101100111000011
00110001110001100011010010100001
11011110111010000101010000000010
00100101011001111110101010111111
11000110001111100111010100101000
10110010011111001001110010010011
01111011000100000001011110111010
11110001000001000101111101101101
10110001011001111101110100010001
01110111110111001001101000110011
01000001101010000110000000001010
10100001100010001000000011000011
01011010011111010111101110000000
11000101010001001101011101110010
11100000100110111111110100010001
00101011001101101001110010100001
01101000101010001011110000001110
01111100001101111100011111110110
11010101001101000010011001110101
00111001111111111101110110111011
01110110110001111010001100010011
10101111001110000101100000000101
10001111100110010101011011001100
00101101110000011010110100101001
11011101101010001010111000111000
00101101101101100110011100001101
11010111100111000111011100100000
01111111001100001011000011111010
11111001111001000100110111100110
10010010110000111000111101110101
01110010100011010010110110111110
10110000001010011010001001010110
01010111001101001011010110110101
10110111011010101101100110001111
10101111001001110001111011001100
00110100001110100001000100011111
11100000110101011001010011111010
10100111000010010111100000010110
01110101001001000100101111001111
01011000111010100101110000111110
01001110101000100010111000101111
10001000101011001101111010101111
11011101111100111000000011001001
01110010011100101000000011100110
01100000111110111111110000101111
01011101111111111110000101100100
01110000001100011110100110011010
10011000011000001100110011011111
00001000001010101010100000010101
10111101111000111001110110000101
10100100110100101100001100010010
00000000001011000100010111001011
11001011011111001100000101100011
10011100101010001110001001011101
11110011001111001111011000011111
10101111010011001110111000011010
01011010111110011111101011000001
11111111100111001000000110011001
11011111010000110010101011111010
00100000011100010001100110110010
00101000011001011011000101101111
10110001110010101010100010101100
01101100000110010110000101011001
01101111110000101000011110011010
00100111100000110110011101011101
11010000100101001111000101100000
10111101110101110110011100001100
01100100101010001000110110111101
00111101111101001000101111011100
10001101001111011110010101010111
11010000110100000001110101000110
00010010111010110001101111111010
01110111111011010010110000011100
01100101000101010111101001011111
11100001010111100011100011010101
00100011001101111001110000000010
00100011000010000001100001110000
01011011100111011010101011001000
01010000000011101100001000111101
00010010110110001101001010010110
11100001100010111110011111111000
11100101001110011011111010101111
01101010111011100001011110111100
01000111111001110111000000010101
10101110101001110001011010001100
10111101111100011110111100010000
00001011001111100111001011101100
00101011001010100010110010100011
11001011000101000101100110010011
01010011110001101101010100100000
10110011111010010110111010011000
10111110011101001101010101100100
11100001010101011011101111110101
01001110011101111010000100111101
11110010110011011111010111000000
10001011011010101111000110111010
00001111110001101111111001000011
01101010100101100010001000110110
00100111101110111010001101011100
11001101101111110010010110100001
11000110000011111101110011000010
01010100000101100111100010011000
10011010110101100010001111010011
11100000010011101101010000101101
01001101000111011001110100001100
01001110010110000010100000010010
01110001111011110011111110100111
00000111010110000110001010100001
01100110110110101110101001110111
11110010010000011100101010101000
11110111110010100100101001001111
10000101111110101101010000100011
11101100111100000100000111110000
11001101110111110110000000111001
11111000000101011000101111101011
10001101001011011001100011010111
10100101111000110010111100011110
00111111110011111101011001100110
00111100000000010101101010001101
01100100000000101001100101110100
10110011100000110111101101010010
01101001100011010000111100111000
01110111100000100101000100010000
00100001110011100000000010111101
11001000000111010100000011111111
11010000001000101011101101101011
10111101111100111010101100001100
00111101000101111001001111001110
01001010001101000100100111011001
11000011001100011111101011011101
10111011000011100101001100011001
11101011111000100010010101110010
10111000001010000111101101000100
00010110010010001000010001111001
00101100000000101110010010001011
00110000010010001001111010111000
11001111111100101010101011101011
11001010110101100000011001111011
01001000011001011000011010101100
10101110110100011010100001110100
00011011101011110011000001100000
11011011110101010011101000000010
11100000011101100111110111000100
01110111111011101000001000001111
11101101001101000000111100000101
01101111011110101100001100000011
10010000100110100110111111000000
10110100100110111110001110010101
10100010100100011111001001000100
11010110000011011000101101110011
10000101000111001000000111011111
01101100011110000110110001101110
11000101101011110100000100010011
10110010111101111000010101010000
00011000000001011001101011111010
01011000101100010000011000000110
00001000011110011001110011001000
11011110100101001001011000101010
11100101110001101001110111010100
10011000110110010010100011010111
11101111001010000010110011110110
10000100111110100000101111011100
00101001100100001011000001101101
10110011101111011111011110000100
11001100111101001001011011101100
01000111010011000010110101110111
10001111010101110011000001101000
10011110001101000110110011010010
01111000010110100010100110110100
11010101101001010010011011001111
00010010111101101001010101100010
10100111100001111111001111010000
10111011010010000110000111110100
00100011010110101101011011101000
00100001101100111101100110000101
01110011001001010001000100000001
01111001011000000000100011100001
00100100111010000000100000011100
11101101110000100101001110101101
11110110111011101111110011010100
10011110011001000100100001010100
01100010101101100100100001110001
11001011000101000100100110010010
11101110000111110111010010111110
10010101001001110101110010011011
00100000000110010011011011101000
01001011011001010100010001000010
01111100110100000011000001000010
01001010111101001010011100010100
01010011011001101100010101011001
10111000010001001011110101100111
11111001010101111110001000000111
11011011111110000110111110101110
10011110001001110010001000000101
00101011111000111001100111100001
10010110110000101100101010100100
01100010101010001110011011010101
00101011100001100100110101111101
01010001011101101111110110000010
00000101010000010111110010011000
00101101101101101000011000100000
01010101000101110010000111011101
10000010101101100101010110110001
10001101101000100010110110011100
11011011111111000011010100100010
10100110010111011101111101111111
00110101111000100001010101000001
10011100111011000000100011000011
00101011101001100111110111000111
11011110010100011001101010011100
01111101000110010111111100010101
00001110101011000101001111110111
10100010111010011000001110101111
11010010111001111100000011000011
10001100011001000000001101110111
11110100000011110110111001111100
11000111111101100100111011000110
11011000010001100100100100010111
10100111000111111000110101100000
10001100000011111001011100100110
01000001000100100101010111001000
01000001010111101111111110101011
01000000110111001001011101011010
11111110010000111111000111101010
00001100111010100001110010100010
00100000110101101000001011101111
00101011101000000000110110100000
01010000101000001001001001011011
01001001100110100101110110111101
01111001010110011010110101001000
00101110010010101110110111011111
01100100100001101101101111110101
10101011000001010110000101111100
00001101000111110110100011001100
11100111100101101101101001010000
00011000101100110110010101110011
11010001001101000100010001001010
10011110101100100101100011101111
10111111111011110110110101001011
01100101101001000000010100110011
01101010111101100111001011110000
01010001100101000010110000101001
00010001111001111111011001100111
10110100101001000000111110110111
10001011011101101010110101110010
10101101010011111010110011100011
00110100111111111001011000001110
01111000111010010010101001010000
10010100101111101011110110101101
10110011001011101011000011101110
10001000111000101100010001011001
11001001010001010000010101011111
11000011100010101100000011000010
01110100110111001000000111110011
10100001101111001111111010001001
11100000111000010100110011100111
11010001110001110001101000000010
11001000010001100010001011101100
10111100011110011001100001101000
10010011001000000100110001111101
01000110000010101000010110100100
01000011100101011011110001011100
00010010000110110000011010000100
10100110010010011000011000100101
00111011110010000010101011010100
00001110111101111101101010011111
00001001111010110000011110010010
00110000001001001010000011100111
11010100000011111101001010110011
11010111010101011011001111100001
00100101001000111001101000011100
01100101100001110100101010101011
10001001010110111101001011101111
01100101100001101111110101010110
00101101000010101011101100011110
01000100101010010101111101100000
00011010010011000101101110011001
10101010000010000111100101100110
11010010011111111111000101110010
10000000110011010000100111100111
00010110000101010101000000001001
00001100100101000001101001001010
00111110000010100110001111011101
01000100010000010001001000010100
10110111111101000000010001100110
10110010110010011110111110010001
01000110111100011001111101110101
00110101001101101111110011011011
01111011001100010011001010011110
11111100000011100011011010111101
01001010000110011011101100000001
10101110010101111111011010001001
00001101100000101010000111010001
01110000011010001100100000111111
10010010010100000010101011011010
01110011101110111111001010011110
01101110010000010101010000101100
01100011101001111010010010110110
01111101101000001111011010111011
00101010101010011100110011010111
11101100111010110110111111110001
01111100001101101000111000101110
10111010111011011011101010010011
11111110000001011100101110101101
00001101100110000101111010000101
11011010011000011111010101100000
00101011101100110010001100100110
00110010010000001100000101100010
11001011101000111100100011101101
11111010101101010110100001100111
01111011000001001111000101111111
00010010001011011100011100100110
01110110011010000101011110111001
01011010101010100011000100101111
00100110011100111110011110101100
11000101001001001101010001010010
10011110110110010001100111011110
00100001110001111111011101001010
10100111000000010010001111111000
00100100000011110001000011000110
01010110001000001001110011000000
00001011101100100101001000110110
00000111011011010011100001011000
00011011110001111001000110001000
10110011100110011110111110111110
01110110101100111100100011101000
10001011011010100010000111011110
10111010010101100000001000101110
10010100101001100000111100100101
11100101101011001011010101011110
00111001100111110100000101011001
11000001110001010101011010101000
01010101101011001111110101001001
10010001100011111010100001110100
01001001001001100110000101110001
11000011100110000101101101111011
11111000011001000000111011000111
01010100111111001101110101100010
10100110001100110011001010110100
01001110010001100010010011001111
01011110000001001000000101001111
01001000111111101011010000001011
10010011011101100100000000010011
00000101111011100011011111111110
10000000001111100100111100010100
01111100111011000110011001011111
11110101000110111001110010010111
11001000000011011100110111001110
10001110010101111010100100000001
10010000000000111110010110001001
00100100000010011111000100000100
00001011110000101100110110001000
11000110000010000101011010100001
00101111111000000110010110110001
00111110111110101101101111011100
11000010110010000100100011111001
11000000001001100011000110001110
01010001001010011000001100110001
00111011100011011001001111111010
11011000010110011111011000001000
11011000111010101011110000101101
00001011001111000111111101010111
00001000111000101100111111101110
00110110010001000100110100110010
11110100000010010111110110000011
11110110100101101010101001111011
01100001000101110100000001111111
00110111001110110001101010111010
01001111100000011111101011110101
00100100100100101110110100010100
10000110000011100111110001100101
00100110011010111101000111010011
10100001100000100011010011010110
10001110001100000011110000100000
10110011101101011001100000100011
01011100100110010101011010011001
10101001010110100101100000111110
00000101011101110011111001110111
00011010111000110001110101100101
11111110110010100010100101101101
10101000000101111111110111000000
01110011010101110001010000001001
11101110000110101010001001101011
11001100101001010100100011011010
01001110001101100001000010100010
10011010101101010001100010010111
11011101110011101111101011111011
00100110101001001011010111101110
00011010100000000110001011010001
10010110000011001001011000101011
01001001011010100000000010100010
11110100110000101011000010110110
10101101110000001101101101000111
10000010011100010100010110010000
10110010101011000110110101101010
10000011011110000010101011011111
11110001110010110110001101001000
01010001010111000100110101001001
11100000011011111000111010010001
00110100100010110100110100010011
00101010100100100001001111000101
11111110010010110011010010000001
00011101110000110110100011001111
11100110001000001010111000011111
00100010110110111101110001100101
11010100110111011011110100101110
01101001110000001110000110011111
10110010001010100111100111000011
00000010110000110110001001110000
10011010100001101000000100110100
00000000111001110101010101011001
01011100001101000110111001011101
10011001001000111010100011011100
11101010111100011100110001110011
11010111101110011100101111100001
00000110001011100110010110111100
01110111100100010101011101100011
01100101100111111001010101000000
11111001001100000011101000010111
01110011110101000011010110110110
01100000011100101111100000001111
11011011011100101100010101000101
01010111010000001110010111111111
11000110010100010100000110101111
01111110110011110010110101100011
00001100001101110001100101110101
01100111011011101100101100001111
00000101110110000011010000100011
01010011100001000001111010001101
01000110011111011000001010111110
11111001111010011000110000101001
00101111000110111110011010010001
11101111110000011011101011011111
00001101011111011010100101111011
10000001010111111001011000111010
01011011110000101100110101111110
11000001000011010101101010111101
11001101110100110010000000000010
10011001100010101001010011000100
01111001010110000110011001000101
11000010110011010110100010010000
10111110101100011001001100101111
01010101100001010000101111001110
11111001100111100100100011110100
11100010100100101111010001000110
11011100011111001110010100100100
00100111000110111010111000100111
00110011111000010111111001000010
11110000111001110101111100101110
01000100110001011110000101000110
00010111101001110100010001101011
10010000011011101010001001101001
10001011011100011001111101111101
00101110001110001111001011111110
00101000111101010010011011111100
11000001001010111011111001011101
00101001110110011111101101001100
11110000001101101101100010000011
00111000001000000011101010001001
01000111001110100101101000010000
01010101000101001011110011100111
00010011101111001110111100011001
00100011000100101001010101111111
00001111101110101000100010010010
11110111010001010010111101110110
00010100110101101100100000011001
00011011011000001011101100111010
01111101001001011101101011011000
11111111000011110111110101100011
10101011010101010111010001111111
11101000001011111001101000101010
00011001101000010000001111100011
01010110111110011111001000010110
00110110101001000011010100100111
10101001011010001000110110100101
10000011001010111101001110101111
01101101100000011110001000001001
01000101101011011101111000011011
01101110010110010001111110000000
11010111111111101001001111100110
11110101101100110011110111100110
11111001100011001100110000001101
01011111011010101101000100001001
10110110100110011101111011011011
01010101000001110010000110000011
00000100010010010010010000010001
10000111000110001110101000011101
00101010000100110000011001110001
00001010010010001010001011110101
10111001100000010010010000000001
00001011011010110100110001111100
01101110101110010111010010010111
11111001101100110110101110001100
10000101101100000011010101110110
10000011110101011111011101010111
11110101100001100110011011001111
10000101101100011100000001100100
11001010001010110011001011010011
10011000111011110000000000010011
01001010101100000000010001010010
01101010011000111010101100110101
00011011001000010011100100101011
01110111001001001111011000100001
01010000100100000100010011010111
01011101100001100111001001100000
00101110110111001010011000111111
10110101100000001000110110010110
11111011110010001001011011101110
10111101101110001001011011110110
01111110000011001001111100011101
10111001110101010101011011010110
00001010111001010010001010001101
01111000010011000000010010101011
01100110010111110010011110111000
11011010101011100001101001000010
11100100010101011010000100111011
11100011111110110111011101100000
01101000100110011110011010100000
11111101011011000100001000001110
00000001010011011111100000111111
11100010010111101110011100011010
00001101000101100000100001001000
11010001101110001011111101001011
10100001001000100010011010000000
11110100101110010100011100110011
01010101100001000110011010001001
00100110111001100000111101011010
01010101011001111101000111101111
11011110001000001000110111110110
00111111111000010101010101010001
01010100101101011000011100000000
00001010100011000000111010000011
11000101110001110110101000111111
00100110000010010001010010000100
00100110010101111011110000011100
00110010100011010100000100100010
10010111001111001001110011101110
11110101110110010001000101100000
10000001110010011010010110010110
01010010101000010000111110001100
01000000110010011001100001100011
10101101010111110001110001101101
10001011111111010100111010101001
10100010010100111111110110011100
11011111001111100001000001111110
01100111001101000010011101000100
11111101100010000111001111011001
00101100010111000101101001010011
10111001100111111100000001110100
11100111110110011001111000111000
11001000111000111011100000100000
11001111101001000100001000101000
11101110111111011101001101001010
01001111010001101011011110111110
00000000110111011001011001001010
01101101110010000010100111001001
00001001001000010100001111101111
01101001111100001011011001101110
11100111101100010100101110001010
11111000111100001111110000110011
11110111000100010101000010011001
10001000010010111000010010001111
11000110100110110110000000111100
00100000100101010111101111110000
11111001010100111000100101000010
10101010101011101010111111111001
11000000001010010011101000000101
10001010011000001111001101100001
11101011101000111011000011111011
01000110011100001110001010111000
01111111011101001101001011111000
10010111011001101000010101101001
11011111110101110100001000110110
00110100110111011010001000101000
01101100111010100110011011001111
01101011111000101111110100010110
01100100011111010111111100010011
01011101110111110110100100001111
01000101001111101000111000101100
00111100011110111111111011110010
01111001010001001000110000010101
01111110000100000111010011111100
11011100000101001110101100000110
00100011010111000110110101111010
10010101110001010110011111011111
11011001010101011010010101001111
10110101001001111000001000100111
01001111100101011111000110101001
11010110011010111111010100001101
01010000010101010100001110101001
00111001110111100100011001101000
10100100110100011010111010010100
00001010000000000101110101100110
00111001011000001001101110100110
01101000110010011011011110011010
00010100111000101000111010101000
11010000001001001111101011101000
00111101110011010000010010000011
11001000001101101011100000000101
11100001100100111000111110101100
00011010110011111100010000100111
10000101100111111110001100111110
10110101011110111111001010110010
11000011100110010000111000100001
01001001111110110001011000111001
11000101010001101110011101100011
00001011101110111100101111011101
11010101101001011111010100101001
00111100010100101100001101000001
01110011100100011111101010011001
10001100011011101100010001100001
10111000011101111011000000010000
10111001111100111100011010110010
10110100011010100100110111000010
11110011111001110110111001111111
01001100100110110000000100001000
10110000110110011011101111111110
00111000000101111111101011011110
01000011001110001001101110010101
00001010011101001100011101011100
10111011011101000000010000011110
01100000001100110011100100000010
11011100001101100111101111010011
01000100011001011001110100000010
01111101110111110011011110011110
01100011011100011001010110011111
10001011100000111001111111011101
01001101110000101100011100001001
11000101101110000111111011110111
01100101011101110000000000101011
10110100011000110010010000111000
11011000000100101101100111000111
11111011010110100010110011100100
11101011101101111001010101000100
01011000011100011011111101010111
10111100000100100110010001100010
11001010000011110001011111110000
00111101011001110000110011010000
01001100101001101010010110011100
11110010110110111100111001101101
11011101001110101101011001110011
00111001011100100111100100110011
00111000110000000001100100010011
11010010011010100011111111010011
01110000010010001011110101100001
01111010011101101101010111111000
10010000001010011101100001110011
00011111101111000011100010101011
00001011101010100110011100110000
01101100011101111110111010011000
11100111100111011001111100110010
01110100100011111000100100000000
00000100011110001011100010010001
10111101110011111100111000101010
01100100011110000101010100001110
11100001110010000101101011000010
10010000000111100101101000010010
00001010010101001110101010000101
10111100000000001110110001011011
11000111110111110101010100100110
11110011011011001001100001111111
11110110111101011100001101101000
11001001101100001101111010100010
01101001010001011111010001010000
01101010001101110011100001001110
01000111110110110110100111111011
11110011011101110100010100001111
00111100011000101111100010000110
00000010010010001110011010111111
00111001110111101010100111101110
00100100010011011101110100010100
11000011100100000010000010001100
00000101011101111001000111101101
00010001100000110010110110100110
01101100000110110011101011001000
00001000001000011000101100110001
01010100110000000101001111100000
10010111000000110110100001110110
01000001100011011101110010010001
01101010000010001010011101010101
01100111011110111100110111010011
11111100001011101000110100111010
11001100001110000000101001111001
00110110111101111011010100100111
01100101110000011101000011100011
00010110101110000101110011111110
11010011001010010111000101101110
00110011111101000101010000011101
01110001011000001111101110011000
00011011011000101010111110110000
00101010000001111000111011100000
11110010000011001010000000001011
01110011001011111111011010110000
00001010111001110010011010001011
11100001100001010010010000101110
01111101101101100110000001011110
10110101110100111001011100001001
10110111001111001011001100010110
01011101111001111011100111011111
11000010000101011000101111101010
11010101100110110011011001111111
00000111110011010001001100100100
01001000010100010101000101011101
11010010110101011000111111010111
01111001101110101000001111101001
11100100000101011011000011111011
00110011110001110000101100001101
01011011011111100011101011101001
11001000001011001111011101100110
01100100000011000001010101100010
00110100001101111101011110001010
01000111111110101000101111001011
00000001111110100011010000100101
01100010111011010110101010001011
11000001100101110101011101001000
00111010010001101011110101111101
10011100110010110100000000000011
10111001101000000111101011010011
00000000110111110011111101001001
11110100000101110110000111010100
00111011001011010110010101101101
01001110101111001110010011101110
01100001011010110010111100111000
11101100111010110100110100010001
01011100000010101000001110000010
10011011011100100110110011011100
01101011010000011101001101110001
10010011011100010010101000100111
01011110001100101111100100011010
00110000001010110011001000001001
11100110000101100110010001100110
01000111100110110010100001111010
11010001000001001000011011010110
01011111010101110001110010101001
00001001011001001001001100010010
11011000011010010010101110110110
01110011011010001000001000110101
