100001011110100110100001011001011110100100000110
101000001001010111110100000110100010101000001110
110000001000001111110111110110100111111011110011
110110101001011110101000000011111100000111111011
010010101000001101011111111101011011111100000001
111010100100000011110010101000001001011000001111
111111111100000000000000000011111001010111110111
010101010001010010101101010110101000001011110001
111100000000001010101110100001010001011010100011
001100001000001010100001010011111100001111111000
111101010111110111111000000101011100001000000111
001110101010100101010010101101010010100100001000
101000000100001001010111110010100110101110101110
111100001011111100000010101001011000001001011111
000111110000001000000111111010100110100000000100
101001011000001000000111110101010100001110101010
011000000011111000000001011111110010100000001001
110010101111111010100011111011111110101111111011
001000000000000111110100000010100111110101010000
010100001101010000000010100001010000001010101001
101111110110100011111011110010100001011011110110
100101011100000110101111111100001100000100000010
010000000001011010100010100110100100000011110001
000000001101010000000110100101011010100001011100
111111110101010100001111111011110111110101011011
001100001100000100001110100100001101011000001000
011011111001011011110000001010101100000101011001
101110101010100100001110101111110110101011110110
011001010011111111110100000100000101010100000001
000111110100000110100101011110100111111000000100
011110100011111000001111111011111011110000001101
111100001011110010101001011111110110101001010111
010110101010101101011110100011111010101100001001
000010100010101101010011111000001001010101010000
111011110010101011111111111010100111111000000111
100001010101010101011100000110101111110011111010
001100001100001010101001010001011001011000000100
001101010011111001011100000011110100000000000000
111011110111110011111100000111110000000100000111
110010100000000010100000000011111011110101011111
101101010100000110101011110010100010100110101010
100011111000001010101000001000000011110111111110
010011111011111010100111111110100011110100000001
010111110000001011110000000110101000000010101101
111011111001010101011001011001010110100011111111
001100000000000111111110100000000001010110101100
011101010011111000001000000111111011111000001001
111110101100001110100011111110100010101110101011
011110101101010000000011111101010111111101010001
100000000000000010100110100101010110100000000110
000011110001011000000010100110100010100100001100
000111110001010101011101011000000111111001010100
010111110000001110100000000001011110100110101001
111001011001010010100011110010100011111011110011
111111111111111111110111110001010010101001010111
001111111110100010100010101110100100000001010000
101110101101010111111100000001010101010111111010
100101010001010001011100000000001011110000001010
100100000101011110101110100111111000001000000010
011000001010100110100101011010101110101011110001
101010100001011001011000001100000110101100001110
110010101100000011111010100100000000000010100011
100101011100001010100010101010101101011000000110
011100001111111010101101011111110111110010101001
101111110011110111111000001011110111111110101110
001001010010100110101110100100000000001001011000
001000000110100100001100001111111100000000001000
000100000010101011111010101010100000001101011100
101010100010101110101011111010100011111101011010
010110100100001100001000001001011110100100000001
011000000000000111111010100011110110101101010001
111010100010100111111110101111111000000111110011
110001011000001101011110101010101000001111110011
011001010100001101010000001011110000001001010101
100110101101010100001110101011111101010000001010
001000001000001100000000000000001001010100000100
000011111101010011110010100100001100000000000100
110000000001011101010100000100000100001111111111
101011111011110110100111111100000101010010100010
000010101111110001010000000110101100000001011000
111000000000001000001010100011111101010100000011
010111111101011001011110100001010011110010101001
100100001110100001011000001110100110100101011110
000011111011110101010111110000000101011110101000
010000000100000000000011111000000111111100000101
010000001011111111110101011010101001011010100101
111010101100000111110000000110100001011001011111
101110100010101110101110101010100110101011110110
101011110101010001011101010101010111110001011110
000001010001010110101101011100000001010101011100
001001010111111010100011110101010111110010101100
111000001110100111111101010101011000000100000011
100000001110101000001011111100001111111001010010
001000000000001011110100001001010001011000000100
001111110010101101011100000100001111110011111000
001011111100001101010110100000001001011001011000
001010100111111001010011110111111110101101010000
010111111010101010101011111011110000000001011001
100100001110101010101011110010101110100010101010
001011110010100000001110101011111100001000001000
010011110100001001011100001101010100001001010101
001011110100001100001001010010100101010000001000
000011111010100010100111110111110110100100001100
101101011110100110101011111101010110100011110010
001000001000000010100000000011110010100101010100
111000000110100101011101010101011101011100000111
101100000101011110100111110010101101011011110110
110000001010101110100100001111111001010110101111
100110101000000111111111111001010000001001010110
000000001110100011111000000110101000001010100000
111010101000001100001111111011110101011100000011
011100000101010111110100001110100111111100000101
011001010010100101010001010010101100001100000101
011000001011110011111010101110101100000101011001
011101010110101111111010101000001010101000000101
110110100000000100001111111100000000000101011011
001011110011111010101011111110100011110011110000
011110100101011011110000000111110100001010101101
100001011100001101010001010000001110101110100010
010100000010100100000111111100001000001000001101
010010100100000101010010101100000010101000000001
011000001101010100000110101010100110101001010101
111110101111111000000001011111111111110000001111
001011110101010011111000000111110100000001010100
010110101001010000000011110001011011110110100101
010000000000000101010101011011110100001101010001
001101011010101101011100000010100010101001011000
111011111101011110100100001011110011110110100011
001111111100001010100000001110100011110000001000
010010101011111000000011110010101101011101011101
101001010100000110101011110100000111110100000110
101000000111111000000100000010101111111010100110
110001011000000111111110100110100101011111110111
101000000011110001010100001111110111110111111010
110010100110100110100001010010101101010011110011
001101010011111100000011110001010001011000000100
011100000101010001010010101000001111110100001001
000001010100001101011010101001011001011001011000
101101010101010101011001010001011010100000001110
100100001000000100000101010001011101010111111110
000111111011111101011101010110100100001000000000
111110101100001010100001011101011100000100001011
010000000001011000000101011001010111110011110001
100111110000001111111001010010101001011010101110
011110100001011110100110101110100001010101010101
111011111100001111111110101000000011111110101011
110111111111110100000000000000001101010110101111
100011110100000110100010100011111000001111111010
110101010101010110101101010011111110100101010011
000000001001011101010110101100000100001011110100
011000001010100111110101010010101010100100001101
100011110100001110100000000010101111110100001010
001101011101011000000101010111111111110111110000
010101010010101010100101011111110010100101010101
001001011000001001010011110011110100000000000000
000101011000001011110000001111110011111000000000
010111111100001001011000000111110000000110100001
000000001100000100000110100001010010100110101000
001000000110100000000100000101011011111110101000
001110100001011000000111111100001000000001011100
011000001110101000001001011100001010100001010001
000011111111111101010011110011110011111011110000
100110101000001111111000000100001001011001010010
111111111011111101010110101111111100000110101011
101010100010100110100000000111111000001001010110
111000000010101111110111110001010001010111110011
101101011011111110101011111000001111110100001110
110011111110101001011110101010100001011111110111
000000000101011110100011110000001000000001010100
101101011100000100000111111000000100001010101110
001110100001011101010001011000000111111100001000
111101010100000000001010100100001001011111111011
111000001000001011110100000101011010101101011011
000100001100001000000000000110100111110011110100
001110100010100101010001010011111100001110100000
111000001001011000000101011110101101010000001111
001111111001010011110000001111111111111100000000
111110101101010011111001010110101111110011111011
100100000010100010101010101111110100001001011110
101101010000000100001001010011110110100100000010
000010100110100110100000000010101101011110101000
000010101011111111111010101100001011111000001100
000111110100001111110001010000001101011100001000
101011110010101000001001011101010011111111110010
001100001011111001010001011010100111110000001000
101011111001010001010011111101010110100011110010
101110101111111100001100000011111110101110100110
100111110101010110100110100110101001011111110010
010110101111110001011001010000000001010110100101
011010101001010100001101010010100110100110100101
111001010001010110101011110011111100000011110011
101001011101010010100011110001010001011111110110
100011111010100001010111111010101010100010101110
101010101010100000000011110100000010101111111010
101110100110100110100010101001011000000110100010
100101010110101010101100001111110011110000001010
010101010001011101010110101111111000001111111001
001110101110101000001011111010101010101001010100
101011110111110000001100000101011010100011110010
111110100010100011111010101000001010101001011011
011010101110100100001000000110101110101100000101
100010100010101100000000001000000001010010100010
111101011001011110100100001101011010101101011011
001100001100000101011101011000000111110110101100
101010101000001001010101010110101100001001010110
111111110001010001010100000101011110101100000011
001100001000000011111111111010101011110011110100
110011111100001101010101011001010001011010100111
111111110001011101010110100000000000000111111011
010101011011110000001111110000000011110011110001
011001011010101101010101011111111110100100001101
010000001010100111111100000001011010101110100001
010001011001010101011111111010100111110001011001
000010100110101101011100000000001010101000001100
111010101110100101010111111001010111110100001111
000111111000000011111110100111111011110111111000
000001011000000111110110101011111111110100001100
100110101110100101010010100011111000001110101010
001011111001010010101001011001011110100000000100
010010101110100010101100001110101111111000000001
011001010101011100001110101110100110101011111001
101110100101011001011001010010101011110000000010
111011110100001101011011110000001110100100000111
000010101111110000001111110100000111111110101100
100101011000000101010100001100000011111101010110
010111110001010100000000000110101010100001011001
001111110100000100000000001001011010100011110000
011100001111111000001010101011111101011100001101
010000001000000100001010100010100000000100001001
000111110000000011110110100011111101011100001100
110111111010100110100110101010101110101110100111
000111110100000100001010101010100001011010100000
011111111110100000000101010000000010101001010001
110011110111110110101111110110100110101010100011
100100000100000111111001011001011000000011111110
101000001100001010101010101111111011110001011010
001010101110101111110101010100001000001100001100
011000001011111001011011110010101010101000001001
001001011010101101011101011110100100000000001000
100010101011110110100110100001010100001110100110
110100001001010011110101010101011000000010100011
101101010100001110100110100001010100000110100110
100110100111110101011000000100001001010101011110
001100001100000101011100001100000100000111110100
100010101101010011111010101000001011110110100110
001101011111110111111011111101010111111001010000
111010101001011011110010100001010001010100000111
100010100111111111111111111001011110100010101010
100100000000000001011110101010101011111110101010
010001011001010000001000001101011001010001011001
010010101100001011110011111011110100000111111001
110000001110100100001000000001010100001111110011
011011110111111000000001010100000100000011110101
011001010110100110100000000011111111111110100101
011111111101010110100111110111110111111100000101
011000001000000111110011111011110010100101010001
100011111100001011110110101010100110101111110010
001010100011111110101110101000000011110101011100
111010100111110011111010100100001110100010101011
100101011001010111110000000010100001011101011110
100101010111110010100010101000001100001111111110
101010100000000110101011110010101101011110100110
101001010100001101011111111000000110100010101010
100000001010100010101011111101010011111110100110
011010100100001100001110101001010011111001010001
100001011011110101011011110100001111111110101110
100000001111110101011001010000000101010001011110
011110100010101110101001011010101100001111110101
101100001110101000000010101000001011111010101010
011010101110101111111111110011110110101011110101
110100001011110110100001011100001110101010101011
101101011101010100000001011011111110100010100110
011101011111110010100100000010100111111101011101
101001010110100011111011110000001111110101011110
010010101110101000001101011001010011110010100101
100000000100001110100001010110101000000001010110
101111110001010100000110101010100000000011110010
101100001100001001011100001011111111110101010010
110001010111110011110110101110101101010111110011
100100001100000000001111110101010011110101011010
011010100000000111111001011000001111110000001101
111001010011111000000010100000001000001101010111
001101011010100000000010100010100011111110100000
110001010000000001011110101000000101010100001011
110111111100000100000001011010101110101111111011
100010101010100101011100001100000101010011111110
000011111011111101011011111000000001010101011000
000011111101010010100011110011111010100000000100
000100001101010001010001011101010111111100000000
100011111111111111111101011101011101011111111110
000000000110100001010110101110101110100010101000
011111110101010101011100001010101001011101010001
111001011001010001010100001101011111110010100111
011010101000000111111111110111110001010100001001
011010100111110100001110100111111001010110100101
011001011000001001010110100110100010100100001001
001100000111110010100110101000001010100111111100
000100001011111111110010101001010001011111111100
101111110100000011111011110001010000001000001110
001010101001011011110011110111110111110101010000
001010100011110000000111111110101010100000001000
111000001001010110101010100000001001011011110111
110111111011110100000010100110100000000110100011
000111110110101100000100001101010010100000000000
100001011111110110101101011000001110101111110010
010101011100001010100100000101011001011001010001
111110101110101101011110100010101111110111111011
000111110110100100000001010101010011110101011000
011110101110101011111000001011110001011111110001
101110101111110101011110100000000110101000000010
000111110000001011110001011000001000000110101000
011001011000000110100010100001010011110010101101
100100001101011111111000000001011101011101010110
101000001101011000000110100100000011110011110010
110010100110100010101110100111111001011100000111
011000000000001011110110100000001001010001010001
010011110101011100001100001001010001011000001001
111010101101010001010100000011110000000000000111
110111111100001000000110101000000001010110101011
010000000011110001011011110111110000000101010001
111110100111111110101011111101011111111010100011
110000001110101000001100000110100100000111110011
101101011101011100000100001011110111111100001010
010101011001010001011100001010101011111100000001
111111111100001001010000000111110100001011110011
111010100110101110100101010110101010100110101011
001000000100000110100010101001010000000100001000
011010101010101100001100000110100111110100001001
101010100110101011110010101001010001010101010110
011111110011110001011011110001010011110101010101
100000000111111110100001010010101011111011111010
110011110101011011110101010001010010101100001011
001101010011111011110001010001010110101010100100
111011110011111111111101011000001110101101011011
110011110111110100000000000110101100000111111111
000100000011111000000111110110101000001001010000
100001011111110100001111110000000000001001010110
011100000010101001011110100000001111111011111001
001001010110101100000000000100001101010101010100
110011110110100001011111111010100011110111111011
101011111110100001011111110101011000000010100010
111101010011111111110101010111110100001111110011
110010101001011001011000000000001001010101011011
110100000000001100001001010011110011110010101111
011010101110100110100100000011110001011111111101
111100001111110000000100001000000010100001011111
110001011110100000001111111100000011111101011011
100000001011111110101011110010101110101000001110
011100001101010010101110100001011101011100000101
011100000000001001011100000101010100001101010101
011000000010100010100000001011111001010110101001
010011111110101000001110100111111111110110100001
000001011100000110101000001101011100000001011100
111001011101011000000001011111110110100010101011
011011110100000101010101011111110110100111111101
011001010001011111111001011100001110101000000101
100010100110101001010100001110100111110000000110
100011111110101110101000000111110001010010100010
001011111100000111110110100011110010100011111100
000011111000001010100110100011111001011010100000
111100000001011110100010100101011000000001010011
100001011001011010101110100001010111110011110110
101001010100000010101010101001011111111000000010
101000001000001011110011111110101010101010100010
000101011110100010101101010101011111110100001000
010100000000001001011011110100001011111001010101
111010101110100101010001011101011010101100001111
101100001100001010100110100101010100001011111110
000001011000001100000101010010100100001111111000
101000000001010000001101011110101100000101011010
101000000001011010100100001001011010101101010010
100010101000001010100101011000001011111000000110
011011111100000100000010101101011001011000000001
011001011100001110101100001100000111110010101001
110000000100000100000000000110100100000010100011
110111111101010101010011110000001001011110101111
111010101110101010100100001000001110100011111111
100111111110100001011000000010100010100100001010
000010100000000010101001011100001100001000000000
111000001101011010101000000011110011110010101111
100111110001010111111001010000001110100111111110
111111111111110001011100001000000111110000000111
000101010110100010101101011101011001011001011000
001100000011110100001111110111111011111100001100
100101011000001010100100000001011100001111111010
010010100010101111110000001100000101011011110101
011010101000001110100000001110100010100000001001
011001010011111101011111111001011010100111111001
010110101010100000000000001000001110100000001101
010000001110101110100010101100000100001010100101
101110100101011101010110100011111000000011110010
011010101100001011110110101101011000000011111001
111110101011110001011010101000000101010101010011
111111110000001110100011111001010111110001010111
101000001000000101011010100010100111110010101010
010110101110101000000001011010101110100001011101
010100001100001110100101010011111000000101010001
000101010111110001010110100111110110101001011000
111110100100000000001011110101010110100001011011
011000000011111111111101010100000101011010101101
001110101110100101011011111011111101011010100000
110011110001011100000110101000001001011001011011
000011110000001000001101010100000001011111111000
001001010110100110101000000000000000001111110100
001100000000001100000001010100000001010011110100
100001011110101110101110100111111001011101010110
100011110001011001011101011101010111110011110010
111101011101011010101010101100001101011101010111
101011111110100001011100000010100000001000000010
010100001110100111111100001101011011111011110101
010100000111111111111000001101010110101100001101
011101011010100110100101011010101100001100001101
100010100000000101010100000101011000000101011110
101110101001010001010100000101011010100110101010
100100001010101011111100001100000101011110101010
000110101101011011110010101100000011111000001000
000100000011110110101111111111111100001000001100
101011110001010101010100000000001000000000000110
111111111101011111110101011110101010100101011011
010110100110100110101000000111110111111111110001
111010101000001110100110101101010000001001010011
111100001111111110101011110111111111111100000011
010100001110100101010111111011111110101010100101
110111110110100100001101010110100011111111110111
101100000011110010100110101101010101011000000110
110001010101010011110111110010100001011110100111
011101011101011101010110100010100110101101011101
010000001010100101010100000100001111111111111001
111010101100000010101000001001010101010001011011
010110101010100010101001011001010100000111111101
011110101000001100000001011111110111110011110101
111100000010100000001111111001011100000000000111
111101010101010110101101011011110000000101010111
010010101001011110100100000010101010101000000001
111100001001010100000101010000001110101111111111
110101010110100110100011111110101001010110100011
010001011110100100001011111010101010100000001101
001111110000001100001110101100001101010000000000
100101010110100010101101011101010011111011111110
010011111001011001010011110001010100001010101001
101011110101011111110001011101010000000100001010
001000001100001111110000001100000110101000001100
011001010110101100001101010111110101010011110101
011010101010101001011110101001011011110000001101
100000001011111110100011110111110011110110101010
010110101111110111110011110011110001011111111001
110000001011110011110110100101011111110100001111
010000000000001101010000001110100101010001011101
100100000111110001010010101001010100001101010110
110111111011110010101111110010101010100010100011
100000001101011010100101010100000100001011110010
000101010001010000000000001000001111110101010000
010101011110100000001111111110101110100011111101
100101010001010000001100001000000001010110100010
000011110000001100001100000001010010101011111000
010011111010100011110100001011111000000000001001
000001011001010000000110101000000100000001010100
100011110001010111111100001011110011111011111110
011001010100000001010010101000000100001010100101
011101011010101110101011111100001100001110101101
100011110101010000000010101101010100001000001010
001100001110100101010001010000000001011111111000
001010100110101010100111110001011010101011110000
010001011011111110100111110100000110100011111101
000011111001011110101111110101010100001100001100
000011110011110101010110100001011011110100000000
101110101100000110101011110010100011110011110010
011110101011110111111011110100001001010101011001
111100001001010000001100000100001110100000000011
011101010011111000001010100101010010100101010101
001010101001010010100100000101011110101010101000
000010100001011010101111111010101000001100001100
111110100010100010100110101101011100001001010011
001101011011110010100000001100001101010100000100
000111111111110111110000001000001100001100000100
111000001110101001011000000100000000001000000011
010001011000001001011111110101011000001111110101
101000000100000000000011111000001001010110100010
100111111011110010100110100110101110101000001110
100010101000000001010100000111111101010011111110
000100000100001000001101011110101110100100000000
010011110101010100001000001101010111110100001101
001111111100000100001010101010101010100010101100
111011110010101010100011111101010011111011110011
010100000000001100000010100110100011111001011101
011100000001010100001100001011111100001100000001
111111110010101001011010101100001011111111111011
111010101110100110100100000000000100000111110111
001011110101010001010000000000001100000100000000
011101010000001110101011111011111111110111111101
010100000111111001010110101000001101011111110001
101111110100001010101010101110100000000010100010
110100000110101000000100000010100011110101011011
000100000110100000001110100010101000001100000000
100101010010101110101101010010100100000100001010
011010100010100100000110101000001001010010101101
101100001000001001011011111011110101010101011010
111010100110100101011100000000001100001111111011
111001011011110111110100001110100110100100000011
101111111110100110101001010110100001011111110010
111010101110100101011000000001011001010000001011
101100001001011100001001011101011011111001011010
100000000100001000000001010011111100001110100010
100110100000000000000010101110100110101111110110
010001010010100000000010101000000011110100001001
010101011110101111110100001001011010100101010001
111111110011111111111010100110101000000010100111
011110101110101101010000001000001011111011111001
100101010100000000001100001110101110101011110010
000001011101011110101101010001011100000100001000
000111111100001011110001011011111001011001010100
010010101111111100001110101010100010100101011101
100111111011110110101110100011111010101011111010
001101011000000111110011111111110110100000001000
100011111111111111110011110011111001010010101010
111110100010101100001101010110100000000011111011
111011111101010100000011111110101000000100001111
000111110011111110100101010001010100000001011100
110001010111110010100101010100001010100001010011
011110101001011001010011111101011101010011110001
110111110110101100001100001110101001010101011011
110001011101010011111001011000001111110110101011
100010100110101100000101011000001100000111111010
010110101101010011110010101110100110101111111101
010011110100001010100010100010100011111111110001
010000000011111010101100001101010000001010101101
010001011110100110101110101010100101011011111001
101011111000001111110010101100001110100110100010
101101011001011001010101011100000100001010101110
111011110010100101010001010101011001010110101111
100110100100000111110000001000001000000111111010
010001010001011000000001011111111100001100001101
111101010100001100001000001011110000001010101111
010000001111111011110001011001011111110000001001
100010100010100011110010101000000011111000001010
101000000010100110100000001010100000001011111010
001011110000000010101001010111110001010010100100
001101010010101101011000001101011010101111111000
011000000000000001010010100011111010101101010001
101110100010100110100101011011111001010011111010
011100001110101001010000000001010101011100001101
001000001001010101011000000101010001010000001100
001101010000000111111111110000000101011110101000
101110100111111101010111111100001000000110100010
010010100011111001010101010110100011110101010101
100001011101010001010111110101011100000011110110
001111110000000001011011110011110101011110100100
000010101001010000001000001000000101011011110100
001110101010101100000111111111111000000100001100
000110101100000100001110100000001000001111110000
011000001000000101010111110001010010101111110101
010011111001010101011111111000001111111101010101
100101011100000011110001011100001111110000000110
010111111100000110101101010011110010100000001001
000000000001011101011000001011111101011101010100
000000000101010011111101011000001101011011111000
010001011110101101010011111010101011110001011101
000001010011110001010011110001010100001010101000
000100001010100101010100001101010100000010101000
101100001001011110100111111100000101010011111110
000101011010100010100001010100000001010001010100
101011110100000010101010101010100101010001011010
000010101110101000000000000001010111110000001100
101011111101010110100111110101010010101111111110
000011111000000111110000000111111110100011111100
110010101101011101011001010100001001010010101111
111110101010101110100000000100001011110011110011
011100001100000100001001011101011001010000000101
100101011100001001011100000000000101010110101010
001101010111110101010000001000000001010001010100
001000001010100101011000001110100000000010101100
100110101010100011111011110011110101011010100010
101110100110101000000010101001011101010100000010
001010101101011000001011110000001011110001010100
111101010100001001010110101111110010101001011011
010000001000001100001100000100000011111101010001
110100001100001111110101011100001000001100001011
110101011111110000001011111111111111110110100011
100100001100001010100101010100001100000100000010
110110101100001110101011110001010101011001011111
101100001001011011110011111000001101011111110110
000010101111111010101100001111111100000011111100
011000001010100001010000000011110000000101011001
010101011110101010100010100100000000000100001101
110001010111111101011010101010100001010110100011
011001011101010100001010101010100001011111111001
010100000111111111110001011100000101011110100001
110011111001010111110101010111111110101010100011
110110100100001101011001010011111001010100001011
001001011010100010100001011110100001010110101000
010110101011111111111111110011110011110000000101
101100001001011111111111111011111111110001011010
001000001000001001010011110010100100000000001100
111101011111110101011010100000001011110111111011
000001010101011100001101010110101000001100000000
100011111111111101010000000001011110100010100010
111100001010100100000010101100000010101100000011
101110100001011111111001010001010111110100000010
010000001010101011111001011010101110101000000001
101001010000001110101111110010101001010011111010
110111111011111000001001010100000100001101011111
111100000111111101011010100001010000001010101011
110110100101010111111000000110101111110010101111
110111110110101011110000001111111011110000000111
101111110100001100000010100111111101011111111110
000111110001011101011101010111110101010011110100
010101010100000110100110101010101101011010101001
010000000001011111110101010111110100001100000001
110111110110101111111000001000000001010010101111
010010101101010011110110100000000101011101010001
110101011010100110101000001010100011111011110011
110011111111110001010100000000000101011001010011
110001011100001100001101010011110010100000000011
111010101100000111111000001101011011110100000011
001111111001011000001010101111111001011101010100
101100000000001101010111111110101101011101011010
100101010100001010100001010111110011111110101010
000001011110100010100001011000000001010110100100
111001011011110011110101010000000010100110100011
100001010001010010101001010110100100001001010110
011101011100001101010001010110101000000001011101
011000000100001100001000000110101011111110101101
010100000110100000000011110010100011111101011001
101000000100000110101101011100000100000001010110
110101011110100110100111111111111001010001010111
001011111000000110100000000010101101011110100100
001000001110100101010000000010100110100110101100
000000000000000101011001010111111111110110100100
011101010001011100000101010100000000001100000101
010001010001010000001101011010101110101101011101
001001011011110010101000000011111100000110100100
010010101010100001011000000111110100001100001101
100010100000000111110111111001011001011010101110
111110101001010001011001010010101010100001010111
000010100100000110101110101001011001010000000000
110110100000001011110010100110101100001000000111
110010100100001011110001010001011110100111111011
000010101001010101010100001000001000000100000100
010111110001010011111011111011111100001001011101
101110100101010010100001011000000111110001011010
000000000110101101010100000111111110101101010100
110000001101010011111101011000000011110010100011
010100001100000000000000001100000001010001011001
001010100011111111110001010101010000001011110100
010000001100000111110000000110101110101011111101
011101010001011101010101011000000010101110100001
101011110101010001010000001001011001011111111110
110100000001010111110110100011110110100100000111
110011110011110110101110100110101101011010100111
110111111110101100001100001110100010101100000111
111100001111111010100110101011111000000010100111
000101011000000101010001011110101110100110100100
110000000001010101011010101100000000000010100111
000101011110100010101001010111110000000001011100
101111110110101100001000000010100010101000001110
011100001010101101011100001101010100000110101001
101010100111111101010010101101011001010000001010
011001010100001111111001010111111101010010100001
101111110101010100001110101000000101011001011110
110010101110101010101111111111111100001101011111
100010101011110110100010100110101110100101010010
001101010111111100000000001000000100000111111100
101100001101011010100000001001011101011101010110
110001010000001101011001011001011101010101010011
000000000101011001010000000100000101010101010000
111110100101010111110101011011111101011000001011
100111111000001100000111111110100111110000000010
100110100000001100001011111011111001011001011010
001101010110100100000111111001011110100001010000
111001011101010101011100001011110000000110100011
001001011011110010100001011000000100001111110000
101010100010100000001111111100001010101110101010
111100001101010101011110100111110100000100000011
000100001010100111110011111111111000000111111000
011110100011111100000100000100000001011001010101
111010101111111101010000001101010011110100001111
010000000100000010100110101001011010101101011001
000001011110101010100010100100000100001010101100
100111110101011001011111110111110111110101010110
111010100010100111110100001110100101010000000111
100001011101010101010111110011111010101100000010
011000000011110001010000000110100101010000000101
100001010001011010100001011101010001010001011110
100101011110100001010110101000001111111000000010
011001010100000011110001010011111011111100001101
100111110110100101010100000001010001010000000010
101000000100001111110010100000001111111011111010
011101011111111011111010101011110101011110100101
010011111110101100000000000000001011110110100001
001100001111110100001001011111110011111101010100
010100001010100100000011110010101011110101011101
011100000010100111110111110011110100001111110101
011000001111110111110011111100001010101101010001
010110100000001000000111110010101001011011111001
010111111000001110100010101011110110101111111001
000010101100000101011100000010100110100001011100
110011111101011100000100000010101110101010100011
000011110000000111110010100001011101010110100100
011111111110100001010011111011110010100010101101
111011110110100101011100001000000101010111111011
111011110011111100000100001001010101010000000111
101000001011111110101011110110100101011111111110
001111110101010110101001010111111101010011110100
010010101111110001011101010111110011110011110001
001001010011110110100110101001011000000011110100
111111110010101001011100000110100010101101010111
001101010111111011110010101100000100000100000000
010011110001010101011111110100001000000111110001
110001010101011111111001011100001011110111111011
011110100111110101010001011101011001011101010001
100100000010101101011000000000000001010011111010
111010101111111011111001011001011110101010100011
000001010100000111110110101010101010100101011100
001110101000000101010000001011110001010010100000
111010100000000101011011111000000001010101011111
001001010100001011111100000001011101010001010000
101110101000000110100100000111110010100100000010
001101011011110101011001011001010010101100001100
001100000001011001010100000110100101010100000100
110110100110100110100110101101010000000111111111
110110100100001101011110100111111111111010101011
100000001000000000000000000001011000000110100010
100010100010101101011101010110100011111110100010
110000001111110010100111111001010100001111110111
110100000101011001010101010100000110100000000111
011111111000001110100111111100001111111011111101
000000000111110000000111111001010110101110100100
111101011010101100001101010010100110101011111011
001000001011111111111001010010100101011110100000
010111111000000101011010100110101001011110100001
111010101100000000000110101111110000001101011011
110110101101010101011101010010100110100101010111
100110100110100010101111110101010001010111111110
000100000010100111110110100101010101011010100000
000100001000000111110110101011111101011000001000
111100001111110000001010100010101101010010100111
011110101000001011110000000110101011110010101001
001010100110100110101110100000000011110110100000
101010101010100110101010101000000011111001011010
010010101001011100000111111011111101011011110001
100010100000001001011001010000001101011110100010
110110100111110101011010101111111100001100001011
100001011000000100000000001100000111111111111010
010111110001011011111010100001010100001000001101
000010101101010110100101010110100110101110101000
011101010010100001010011110000000001010001011001
010110100010100100000101011001011110100000000001
011000000101011011111101010111111100000111110101
000110100110100011111101010101011010101110100100
000001010000000101010111111010100111111001010100
110010100001010111110111111001010110100000001011
100011111001010100000011110111110011110100001010
001100000011110001010111111000001010100001010100
000001010100000001011010101011111111110100001100
101111110000001101011110101001010001010010101110
111100001110101111111000001101010001010110101011
100100000111110001010100001100001001010100000110
000010101000000110100011111010100100001100000100
010011111100000111111110101001011001011000000101
000001011001010101010110101001011001011110101100
110111110001010010101111110000000100000011111011
011101011001011110101100001100001110101110100001
010110101011110011111001010010100110100101011001
001000001101011111111001010100000111110000000000
011111111110101110100101010011110001011001011101
110010101011111110100101010110101001011110101111
011001011100001010100100000111111001010010101101
100100001100000101011110100001011110101111111010
101110101010101011110111111010101100000101011110
001001010011111010101111111001011000000001010100
010000000010100000000010101111110110101010100001
010111111001011100001001010101011110101010100101
100111111011111011111001011000001110100101011110
011000000101010110101001011000000101010011110101
110010100000001101010100001101010100001001011011
110100000000001111111110101001011111110001010011
000101011111111101010111110101010010101011111100
001000001111111001010101011000001001010111111100
011100001111110101010010100010101011111101011001
101001011100001111111000001110101110101000000010
001000001001011101010000000110100001011110100000
000010101100000001011110100010101101011101011000
001010101001011011110011111001010110100111110100
111001011010100001011100000000001001011000001011
000000000101010101010010100100001110100000000100
110000001100001111110000001000000001011110101011
110110101010101110101010101000000010100000001011
100101010111111100000000000001011100000001011010
011000000110100111110010100110100010100000001001
010110101101010001010001010100000100000101010101
001010101000001010101101010000000011111010101000
011110100010101011111110101110100111110111110101
001110100110100100001111110011111000000010100000
110000001101010001010000001001010111110000000111
001010101001011011110101010110100001011010100100
001011111001011001010001010110101000000001011100
100111110100001011110110101001011011110111111010
111101010100001100000101010011110101010000001011
101001010100000010100011111101011110100111110110
000001010001010101011110100101011011110000000000
001010101100000010101100001101011001010000001000
111101011110101000000111111010100111110110100111
110110101001010011111011111110101100001000001011
100100000110100101010110101001011010100101011010
010000000001010011110000001011111011111100001001
101011111101011010100011110100000011110101011110
100110100001010111110010100101011000000001010110
111110100011110000001100001010100111110111110011
110101011101011010101110101101010010101000001111
001101011111111000001001010100000010101010101100
011001010110100101011111111011111010100000000001
111100000000001101010110100011110100001001011011
100010100101010001010011110010100001011100001110
101011111111111010101111110110101110101111111010
001111110111110101011101011101011101010111110000
011100000110101111111100000111110001011101011001
010100000000001111111000001010101001011001010001
100111111101010011111111111101011000000110100110
100110100011111110101011111111111111110101011110
111110100010101001010101010111111110101111111111
100011111010101100000000000011110000001001010110
110001011010100100001011110010101011110111110111
111100000100000111111000001000000000001001011011
101111111101011011111101010101010100001101011010
000100000110101101010010101110101011111000001000
010011110010100000000000001100000110100100000101
001100000010100011111111111001011111110000001100
000010100010101011110111111111111101011001011000
011101011010101001011010100011111001010010101101
100100000101011111111000000110101010101100001010
000001010110101101011001011010101111111101010100
001101010000000000000001010011110000001001011100
110101010000000100001011110001010101011001010111
000111110101010100001100000011111100001111111000
111101010011110101011011110001011010101111111111
100010100011110110101001011110100011110001011110
010000001111111101011000001000001010101011110101
000100000100000011111001011010100110101010100100
100000001101011110100000001111110001011110101110
100000000100001000000111111100000100000011111010
001101010111111001011011110110101110101000001000
100110101000001001011101011111111011111100000110
010001010110101010100010101101011001011000001101
000110101111110101010111111001011001011100000100
110101010011111100000100000011110000000100001111
001100001010101100001000000011111111111000001000
101110101011110001010000001110100010101010100010
010101011100000100000001010101011010101111111001
000110100000000111110010100000000011111100000100
001110101001011110100010101000001011110111111000
110011111111110111110011110101010110101000001111
001110100100000010101101011011110100000010100000
111001010110101010101110100100000010101101011011
011111110001010111110011111111110011110010100001
100101010000001010100011110000001111110110101010
011000000010101001011010101110100000000110100101
101011111101011100000101011110101010101011111110
010111110101010011110000000010100100000100000101
101010100101011111110011111110100011111010101110
100111110100000001010111111110101100001100001110
001011110000001010101111110000001111111010101000
001100000110100111110000001000000001011011111000
000111110110101110101011111101010000001110101000
100110100100000011111101011010100011111100000010
011110101110100001010001010111110001010111110101
001110101010101001010100000000000001011101011000
011011110110101100001101010100001010101110101001
011110101100001000001011111001011101011000001101
001101011001011010100101011100000101011001010100
011001010000001110101001011100000101010110101101
011110100000000101011100000110100111110110100101
110110101100001000001000001110101010100000001011
101110101101010010100011110000001110100100001110
111110100100000100001110100011111010100001010011
101100000001010100001111110110101000001000001110
011011110100000110100110100110100000000111111001
011101010000000101011001010100000100000101010101
110110100101010000000111111111111110101011110111
110100000101010101010100000001011010101101010111
001100001001010110101101011100000101010111110000
001101010010100110101001010111110101011111110100
001110100100000111110010101011111000000000001000
101001010000001111111010100111110010100100000010
011000000110101001010111110010100001011011110001
110110101110101001010110101100001010100001010111
000011111011110000000011110110101111110110101100
111110100011111010101010101000001110101100000011
010000000111110011111110101101011111110001010001
111001010000000010100010101101011100001001011011
111000001100001100001000000111110111111100000111
101001011111111001010000000101011000001110101110
110100001000001110101001011001010001011111110111
011011110010101110101001011100001100000010101101
001000000101011011111011111011111001010010100000
000100001110100111110001011001011110100010101000
110000001110100111110001011000000100001010100111
110000001001010100001011111011111101010100000111
101000000000001010100000001010101111111000000110
001101010111110001010111111000001111111000000000
111011111111110001010111111000001010101110100111
110101010011111010101001010001011111110011111011
101110100000000111110100001010101101010001010110
101010101111111111110110100101010011110000001110
000001011000000000000110100110100101011100000000
011111111011110110100001010001011000001000000001
000010100010100000001101010001010110101100000000
010000000000001111110001011101010100001100000101
111110101111110000001011111110100001011010101111
101010100011110011111110101010101000001100000110
000110100110101001011011111101010100000100001000
000000000101011000001110100011110101011011110000
100111110001011001011000001110101000000001010010
101011110100001111110001010100001110100011110110
110111111011111000000011110111110010100010101011
100111111000000001010111111101011100001100001010
011001010101010000000110100000000101011100001101
011110100010100111110010101110100011111010100001
100000001001011010101100000111111100001111111110
011000001101011110101011110111110110101111111001
110001010001010010101011110100000011110010101111
001011110011110011111000000010101010100110101100
101100000001011001011010101000000011110011111110
110101011100000110101010100011110011110100000111
110010101100000110100101011101010100000110100011
011000001100001100000011110011111011111011110001
000001011001010110100101010101011010101001011000
000111111101010101010001010010100011111101010000
000101010000001111110111110001011100000001010000
111011111000000110100100001000000110100011111011
011000001000001110101110100101010101011011110101
110110101100001111110101011001010000001110101111
110100001101011101011011110111110010100111111111
000101011010101001010110101100000110101010100100
101101010100001111111000000100001001011001010010
000101010010100001010011110001010010100011110000
001111110000001010100100000001011101011011111000
101000000000000111111100000110100111110011111010
100111111011111010100111110100001000001110101110
111110101100001101011001011010101110101010101111
101010100000001000001100001111110011111110101010
001000001101010110100011110111110100001111110100
111110100111110001011110100000001010101110101011
010101010100000111111000000010101001010111111001
001111110001011001010011110001010001010101010000
111111111010101111111111110111111011110111111011
111011111011111100000110100111111000000010101011
101110101000000000001000000010100111110000000110
110011111010100101010111111011111100000110101111
100010101000000001010011110011111001011100000010
111000000111111000001111110101011010101001011111
010010100110100000000100001000001001010100001101
111101010101011110100110101101011001010111111111
110101011100000011110100000011111001010110100011
010110100110101110101100000101011000000001011001
010100001000000001011010101011110101011010101001
001101010111111001010001010001011010100001011100
011010100011111100001001010000000001011110101101
011000000001010010100010101010100010101011111101
011001011110101011110000001101011011110000001001
100101011100001101011100000000000111111111111110
010001010000000110100110101010101100001100000001
111011111101011000001100001000000110100010100011
111100000100000010100111110111111010101111111011
011010101110101001011101010001011010101101011001
010100000000000000000100000001011110101011110101
111101011000001100000011111001011111111111111111
001010100101011010101110101011111001011101010100
001001011010101101011111110100000110101010100000
100000000101011110100000000110101100000011111010
100111111011110101010000001000001011111101010010
110101010011110010101111110000000011111011110111
010010100110100011111001010011111001011111111001
000011111011110111111111111111110010100100001000
101000001011111110101111110110101100001111110010
011101011000000001010010101010100100001001010001
110110100111110100000101011101011111110000000011
011010101100001101010010100111110100000000001001
010011111000000001010101010111111100001100001001
010101010010101010101000001010101110101010101001
110110100010101111111111110100001010100100001011
101100000000001111110101010011110100000101010110
101100000110101111110110100010101111111100001010
011111110101010001010010100010101111111100000001
111000001010100110101110100100001001011111110011
000001010110101011110001011110100000001010100000
011001010011111111110011110010101000000011111101
101110101000001100000111111110101111110001011110
011000000000000110101100000110100011110110101101
100110101100000011110010101100000001010101011010
001110101011110001011101010101010110101101011100
000101010011111110100000000000001111110101010100
111111110100000111111100001000000101010100000111
111010101101011110100000000010100010101010100011
000100000000001010100001011101010000001111110000
110101011101010011110011111001011011110110100111
000001010011111001010101011100001001010000000100
110100001000000010101011110010100011110001011011
000111111000001001011110100000001111110111110000
100011110011110000000101011000001100001000000010
