00110110110001100010110011000101
00011000111110100101011011111011
10111100011100110011000000001101
11101110100111011000001011010100
00110011110001101100101110010110
01011011010010000110100100000111
11110110011000001010101000011010
01111011001010000111111010001011
00001100001110010000001101110110
01011000011110011100010111101101
11011011101110000001010011010000
10000000011110101000000010101000
10101000100010000001111001110011
11110001010110011100011100001110
10000110000100100101001111000011
11011110101011000010100011110000
01001000101010110001010100100111
11000010111100011001101110110011
00000100100010111100001000100011
11100111000001000010010011010011
11011110010101100011011101111000
01110011101000000010000010001010
01111011111010001101000111100000
11101111110011001001110000110110
11001110001110110111111000001011
01010010100000000100101110011110
00010001010001111110110001011011
01111101001011000111000111001010
11010001000011110011111100011000
10101100100110011000001001111111
10011010100101000110100011111101
00101100101101110110011011100011
00000010011101101110010110111101
00110110000011000100010110010101
01100011100010110000111001101111
00010011111011010101011111010101
11000100111010001010000100010101
10111010011011110001111101001110
00011010111101011010100101100100
01001000111010001001110110001001
11111000100100110101000110000100
01011111011001111001011001101111
00011100011100101101001110010011
00010110000011010000000000101110
11010000110011111010001111110010
10101010010110101100111111001100
00010010000110110010000000110100
00000100010001101001011011001100
01101000101011111100011100010111
00001100100010101011001011101100
10011000110100110110011110001010
00101000111001100000001111110001
00100110001010001110011000011110
00011010000101110010000000101101
11110110100100010100100110111111
10101010111110011111000111100000
00011110100110101000011100101001
11111011011111010100010001000000
11011010100011000011100101110111
10000001011011001111111011100111
01101011011110100101110010100101
01110100100011010001110101000001
10101000010011000101110010000101
01010001101110011010111101110011
01111101101110111000010000100010
10100111110110000001110010110110
11110101100111010100100001000101
11011100111011110001101001111000
10101001000110110010110111000000
01010010001100010111110110110101
10101011100101101011101110111101
01011111000011110111000110111100
11010111100011010111101011100000
00011110100110010000011100000001
01100000111001100101001000010110
00000011011101100011011011010110
10110000111001111001111100010101
00001001011111011011111001001010
11100101001011010100101100100000
11110000101110011100011111110000
11110111001100011110101101100001
00001111010110010001011111110110
10110101100010000010010110010111
11011011100000000010101010110111
11101100100001001110011000101011
11000101101010101010100101010000
01001011101010111010111111000000
10101010011101001001110011111100
10101100110000011000010101110100
10010100011001111011101011100111
00001000011011010111101110001000
00001100001101011110000010111000
10000100000111110000010100011000
11100010110100011001101100110101
00000000111001110010000010011111
01110001001010011110010001001000
00100100100111010100101000010101
00011111100000111011010000111000
10000111111111111000101100100101
01110011110011010111110001101101
10000100110101010010011011101010
11100011010010010101111000011010
00101100101000101110100110111110
10011000001011011110001110100010
01100010000000111100101000101111
00110010100100010000111001100101
10010011000100010110111111110110
10110000100101111000011000100110
00110101101111001001010110111100
01101110111001001101100110101010
10001101111110101100110111101011
11000110001101011100001010001000
10110111100101111000110100010101
11111110011011101111101001010011
11101101001100111010001100101010
10101111111101100010000011111100
10011010100011110100100101110011
01000001000011011001101000111100
01110111111010110100010101011001
11100111010111000010010011111000
11101010110000100001011001010011
01000000100100100000000111000010
11000110111110010000100010111101
11001100100101111100111011100111
00110110000001011011010101010101
11001111001001111111101100011110
10110111100000001100011110111010
10010000011110111010111010101000
11101110101010001111100010101010
10111010010110110111110001011100
11100111100111010110111111001010
01100001110010000100001100100010
11101101010100100110001111101001
01110110011111000000011010010001
11101011011000000110100111111010
10111101001001010000000000011011
10100001111111101010000101011000
01111111010111001100101111110001
01000111110001100011110100111001
01100001100100000011110101011010
01010010001101100010101111001011
10110011000100110100010101011010
11101101101111110000000100000101
01110101000100110011100111001111
10000100011000101100011000010100
11111101010001011000000101111011
11010011111000000010101010001000
11101111110010001010110111010110
01010011001111110111010101110110
01101011110111101100100011001011
10000001101001011110011100010011
00100101101110001111101100011001
10110001110010111110011111011101
11101001111100100111010100100000
00001010000011111001101100110000
00001010100001010000010000110011
00100000110011011001101001100101
11010100011101111000111110001001
10110000101001100000100111001110
11110100110110001011100101101010
11111010001100001000101111010000
10101000110111101100010011101010
01111101000011100101101110110001
01101000011100111010101001101101
10001001101000111000100101011111
11000010000100100100101101101111
00010001000100101010100101101011
11011010101100011101110111111001
10110100111000110111110101101000
10111010010110000101111111111010
01101111110111001111010101000111
01111011110000001100110111000110
01111111111000110010000001010110
00011111100100000100111110010111
11110100000010111010011111100000
00010010010010011100110000110011
10000100100101010100101010111001
01010110100000101101000110000000
01101010010011011111011001100010
01000011101110011101101111011000
11111010100110100011000001010001
01001010001110111001110001001110
01001000001101101000110101111100
11101101101110101100011011011010
00011000110100111001100011010101
11100001010110010100101000111011
01010011001010010011100000101110
10111101011110111001111010000101
11100001011101101010001110001110
11000000101010111100010111111110
11110100111011001000111101100001
00001001010010101001101011011101
00111010010011001011111111001011
00111000000111001001001000011101
10011011000000011001000010010100
10101100111100111011100011100000
01111001010001000111011010000100
00001110110001000000000011011110
00011000111111111001011011011110
10011101101010010010010110101011
01111000000100010001100000101000
00001110110111000111100000101100
00011001110100101101110010000111
10011001101001010110011101100111
11101111001101100110011010010001
01100100111100101111111011001011
01100110101101001111100110001111
11111011101000100000010100000011
01110000110111111001100101100000
11111110100010010111101111011100
10111110000000111111011110000111
00110110000101001001001110100110
01010011001101110110000011101100
11011010010111010111110110100000
11111001001111001000011111000111
00100001100111000110111111100001
00111001100011100111111110110001
10101000111010011111010111011011
10011010000110111011001111101011
01001010010010001001100001111001
00110101110010011011100011110110
00000011001110011110000010100000
00100011000010011110111010000010
11110100110010110101111101001101
01000101100111001010111101110010
11010111111101011011101001101110
01111001110110111011100100101001
11101001011101111110001101010111
00101100011000100000111111011100
01111000011011110011010110101000
10110010011111110111110010100101
10110001001110110011111000011000
00010110101100010101010111010111
10101010010110001010100001100101
11111110011111101100011100000110
11111001101100111000111110011101
01101001010000100011011101010001
10110010100101101011011111100010
10100110001100100010100010000100
11000110111000000011001100111010
00101101000010001110101101100100
11111011100001100001000101101010
10001001111110110111110110101011
10010110111101010110100001011110
11000000010010111110011111001101
00101101101110110000101000100101
10011011000010111101011011001101
01000110101100001001111110010001
11000010001111110001010100011000
10000011101010100000010010011110
11011111101101011101100101010010
00011001010111001000010011010101
11110001001000111011111111101001
00010100110101011100111101001100
01100100000001110001011010110000
00001101110111000110110001101101
00000000010000011001001010000001
10010111101111010011010001110101
10011100000100100000011100000011
00101111100101000000001001101000
01110100101101100101000000100010
10100011100011110101001000101101
00001100000101101010001000011101
01001101111110010011101100011010
11001110110010010100001011001101
10101010101000101010100000001100
01010010111111110000001000110001
10010101000110101100111000101111
01011010001111000011001100101100
01110000010110001100010001111001
11010010001001111001111000111010
00100100000111010111110011011110
00010111001101101111001001111110
00001100011011011010111110011010
11011111110011011100101011110001
10100110001111010011000100010110
00100011101100100100111100100001
10010101111101000111101111100010
00000100110011001001010000010101
10000110111101111011100100010000
11110100111000000101111000011011
00100110001010001101010011010111
00101111011010100101110000010010
00110101110010001110010011000010
11111111110111010000111001010100
01111010100110011010110000110100
10110010111000100100101110101010
01011001100000001011110101111101
00011110011110000100001110101100
11100101110000001111100110100101
10110000111111111000001000111111
01110010011101100010110110001100
10101000011100010101001101101010
01011001011110100011001000010100
00001011001110110111111001000011
00111111111110101111101110000100
01110110001111010100110110010011
01100101110001111101110001000011
11110100000001111001011000101110
01000111101100100110001101010000
00110101010011001011001110101001
01001010111100001110000111100101
01111010101110101000101101111100
11110000010101000110101011001110
10011011111010000111100001100001
11111100000000100100110110011001
10010010110100000000011100100111
10111001010001111101010111000010
10111010001010000111111010000000
11110110011101110001010100011100
11011001001001000101111101100011
00101110101110000100000111001100
11001011101000111010101011111010
10100000010000100111011000001010
10111110100011100000000100110110
00110011111100110111010101100000
01011000101011011010111100000110
10110111000101100011010010101010
11100100111001000111101001100111
01110000101001101110110010000011
11001101111100010010000001100010
11011000001111001000010000100110
00110100101011000001011010000100
11101110011111111001010100000000
00001011110000011100010100010011
10101000111010011001011010101000
00110110000101001101011111001100
00000111101101000100101010001100
01101100011100010111100100110010
01001100110011010111001110110111
10110010000001101000011001010011
00110111000001000010110010110000
10010111111111011001100010101100
11000101010101100011001110010111
01000001100000010000001111101100
11001111000101011110101001000111
01100100101010010011111001110000
11101010100111010000001111110111
00100111111101001000001110010000
10101111011010100000010111110000
11010100000111100110011110101101
00011011000001100010011010100000
00010100101011001111001011110001
11000011000000000110011101010111
01101010101001001100110001111100
01101010000001000110000001011110
01100111010110010010101110010000
10001100001110101111000010010110
11101100110100000011101110011000
10110001000001101110101111011001
00001111011110100101100101001101
11001000001000010010110100101110
11101011001010010011110100111001
01001110010011110101110001000010
10101101001100110011010000000000
10111100001110110100110100011110
00100101101101100001010101101000
11001001111001011000101001010000
10011001110110100001010000100011
10110010001010010101000001011011
00100001011000100110000100011111
01000101001010100110100001100110
00101000010010111001010101010100
10111000010110000110001110001111
11110000001101000110011100010101
11000000010101100110011110111010
11011010001011001000110100011010
01101011110110101110100010100101
01011010001010001110010110100011
10110100110010001111010010010000
11100001001101110010010000011110
00101111101111000100011100110010
10001000100110011101101100010010
10010100011001000001110101000100
10101011011111110011011101000111
00110001011011010110001100010000
00001001001000000011100110100000
01010101001011000101000001000000
00110110101110100110110101101110
10110011010100110111010010011100
11001010001000100101011000001011
01111101011000100100010011010110
10001000110000001001110001001110
11011011010101001000000010000111
00011000111010000111100000001110
11001100010101011100111001001001
00101010100111010110011110011001
10000111011010111100011101010100
00010111010100001000111101000000
10101111011101010110110000110111
01110001011100011110111011001000
01111110010001010001101011000011
01111010110010101101111011011100
11011100100010110100010100000111
10110111001101100110011101010000
00010010000111101000111011011011
11011100110110010110101010011101
00110010111100110100011010100101
00010001011001001110111101010101
11110010101100011000011111001010
01000000101100111000011000001010
10110100111001001100110101000101
11100000110011001010010110001110
10101110011100000001010100000000
11101111001111101100100010010101
11111100001100110100011000001100
11101011101001110100010110011100
00001101101011110001110011101001
01100111001100001011100010101001
11011001011111001101010111101110
01110101101011101100111110010011
11110101010111100101111101100111
01111011111110010011101110000100
00011100010101001100001011110100
10100100010100101110110110101010
11111001100100000101000111010011
11000000110010010000010111100110
10110011101001101101010011101001
01001100001011011101011000010010
00110000101100111101010101010100
01100110000110110001010011111001
01101100110100001010010010101110
10111000111010111011010010111000
10011001100010010000001101000000
10011001000001011100100000001110
10100011101111000111101111010001
01000110000100111110100010111101
11000001101101001011010001011101
01010111000111100100111110100001
01110001111010100011001100010010
01101101000011111110010110001010
11001100100110111000000110000001
11101111011100010000001110001001
10100000001000000011110101110000
00010111111010111110001100001000
01111011100010011010010010001000
11101101100110001000011100111000
10101010011010011110100111111101
11111010111100110001110111001011
01000110001010011100010111010011
11101000000111010110011101010110
10000101001100010101010011010000
00000110100100110110101000110110
01111111001000110011010011000101
11011000111010001100011000110110
10000100111111101101010101001111
10001000101110011100000011011100
01110000011010100000100100011110
11101011110010110000111010100100
01101111010101000011000010101101
01111111001001011010000000001001
10110110010110110110011000010000
01011010100110011111010000010000
00011100010111011001111010011100
10001001101100110100011110010111
00011110001001110110001010110010
11111100101010100010111101010110
01011011101100010101111011011000
11000111111011111010110110011001
00000000100101001001011101000111
00000101110101000010011100111011
11010000100101010000010101101000
10111000111010011101010001010111
01100111011101011100101000111100
01110101111110100001101010001110
00111101110100011010101011100010
11000111010110101100000100010010
01010101011001010001100100011110
10101100001001001001101000100100
00110000011011111101010101101011
10010010111101010001111101001011
11110111000011111101000001000101
01100110111000101010110000000111
01000101010110101100001001101010
01100110101011101101010101001001
11001101000110011001010101100011
01100101101001000010100100010001
11011110100111100011111000111101
01001100111111010010101110110000
10000000010001001011011101000110
11001100000010111110101011111101
01001110111101101000111100010011
01111101001100100011101011101111
10110011001000100001000010101111
11111110100010101000010001110010
00011010110111010100000100001010
10101011100101110000100000001111
01001110001000001100001101111101
11000001010010000011111001110001
11110100111000011101111101011001
10100100010011011111110001110110
00110000001110100001111101111110
00011101101100100111111001000001
11010010011100111100000101111001
11101100111000101111100001100100
10110000001111100000001100001101
11111011100100011000000110000111
10000101010011111101101100111011
10100001101011111110011010100100
00001111111100110001100000000111
01000001111001010001111010001111
10010111011101001001011101011110
01110100111011010010011110111111
11100110010101010110011100000000
01001111000111111000110011011110
10111101101111000010110100110000
00010100111001011101101110010110
01111001111111001111111010011010
01010110010110110000000000010000
00010011100011101001101001100110
00001110001111101100001000111001
11111110010111100111110110011110
11010111001111010101101100011100
11000111001101010010110111101101
10110101010111101110010101101111
11111101101110011000110100110001
01010010000010110010100110010111
01110111110101110010000110101010
01110101100000000011000100011100
01111001110110111110001110100010
01010000111001110001100011110010
00001100101100111010100110100101
01011100110010010110111011011111
00011111001011001101010010000110
01111001110011110000111101110010
11111000001010010000010010001101
11011001110010111101101111010100
00100110000110100110011100111101
11011011101110001010011110000110
10110101111001110000011101010110
00001101110110010001011101110001
00010000001000011110001111000000
00100001000111110100101110111101
10001000111101100001111000101010
01010010000010010101000101011011
01010100110011110101000111110100
00110100000000001111100111110110
01111101010001000100101101100101
11010100001000111001110111000100
11000011001110010010101000010110
10010111011110110110000100110001
10011111110100101010000000011101
00011111100000001111001010010111
01010101111000110100001111000010
01100101000000100011101001001011
10000110001001110000111110101100
10000010011110111111111100101011
00110010001110010010100100111000
10000110101011001111111011001000
11101111010111011111101010110100
11100100110101010000100111110100
00100011111000111101011000100011
00000100011111000011100010001111
11010011000000000011010011010101
01011100000101010110010001111010
10111001110000011111001011110110
11001011010010010001110110100110
11001111010001110001111000001011
00101010010011011010110000001100
00111100000000111111100101111111
00101110010101010110000000110001
00001000010110100101100001100001
11001111001011111010110111101001
00010111000101100011001101111011
10100001110110101011100001010000
11111101011011010100100100110010
01101100110001110110000001010000
11010000011100101111111000000011
11111101010101010011001000111100
00100001110100000011111100100101
00111101011110100000110111101101
00110101011001111110101111010010
00100001110111011111001100000010
10000000000001110101111000111101
10010000110000111111000000101100
00000000101000010100011010010100
10110101101110011001011011101100
00101000101101110000101001110100
00011000011101110100110101010001
01001011101100001111010101110010
11011101110111101010000010110100
00111111001111110100010100011101
10101100100011100010111001011110
00100011011110011111000011110001
11001101001101100011100111001101
10111010100111000110010111101000
10101100110001011100000101001010
00101110100101100110111110111110
10100000100100011100101100010001
11101100100011010100110111101001
00011101010011101100011011010110
01000101001100001001110110010001
10100000000000111111110101111010
01111010000100010111001110000011
00011111111011000011011100000110
00000101101100000011111000001101
10110110111110101001001010100110
00101000100100100001011110010111
10000011000011001000011010100010
01011001001001010001010011010010
01101001110101001100011010110110
00100001101101010011111100110010
11001110101011110010001010010101
00101001001101001011001010001001
00011000010111010110011100100101
11110010101010101011010111001001
01101100010100110011101010110101
01011001010101010111100000000001
00011111111100001111001000100100
11001110010010110011100011011001
10111110001000010011001010000101
10011110010100110110001111100111
10011011001001010101101100110010
01111000100011011101001010101000
00110001110000010000011111010011
01000100110001101110110010001111
01011000000010011111111011101010
10100011110111101010100101010001
00000110011100101100001111001011
10000101111111000111111001111110
10000010010011001001110110110000
11000111001100010100001000011010
01100000101011001111001110010011
11110111101100110001111100001110
01000010101110100100000101011011
11011110111011111110000010010000
01100101110101100011110011001010
11111000001100111101101000011111
01110101101000010101100010011110
10000001011001110010001000011100
01110011100011010110100010111110
01100111100001001111001001001100
11101100100101001100110000111100
11001011110111010010011100111111
11001011001010110001011111111111
11000111011100010110100110100110
11001111110011001101001100110100
11000101111110010011110001001000
11001101100100011000001011101101
00100110111101101001100000001010
10111110001100100110100011110100
10110101110011110110010110110000
00100000011010111001010110110000
00111111101101000010101011111101
01110100000111010100010111001011
00001111001101010111001001111110
00010100111010111010111100000111
00001101100001111110100101000111
10111110110001110100001110000000
10011111101010010010010111100101
00101010001000100010100101110110
01100100010100110011011011111011
11111010001001101100110000000111
10101011101111110000111001111100
11110101000100101111000110010100
01001001001100100011001111001100
01101010001101000000110111100110
01001111000010000111000111000011
10011011111111001100000110000100
01001001101101001110000010011110
00110011001010100010101100000011
11110000101011101100100001101010
10100000010101000110101001001100
00111101110000101100011001101010
01001111100100111001100111000110
00110000111010100110011100011111
00011100100111110100111110100111
01101101101001110110110111011000
00111010010011100111010000001010
00000011001010110010110111011000
10000110111011111001011001001000
11111100100100110111001111101100
01001110101000011100010100111100
00001111000010001011100100000000
01011010001010010111111000010001
10011101011111100001010000111110
00101001111011010000000011000101
00001001101111111010010111101111
10101011101001101100111001010100
10011101000111110000100000000000
10001000111110111100101101100011
11001100011110010111111111010010
00100000001010111111010010101101
10100101001011101100100000000110
11110000100110101101000101111100
11110001010000011011011110100001
10010001101011010010100000011101
10010101100011010001111001001100
01111000111100011101011110101010
10001011000100101000111000011010
11101000110000110010011011111100
10001110010000110101100011110111
01001010001011001011011110001100
00100011011010100110100110010111
11011111111001000101100000010010
10010110011010001010000101110011
10101011001011101001110011001101
11010000111110101100010110101100
01010111111101000110111100010000
00110111000000100010000010100110
01101111001111011000101001011011
11111101110011101100100110101100
00001110100110110100100110110100
10110101000000000001101101111100
00011100111001001001001010110101
11101010000110001101100000011000
01111101011100010111001111110010
00001010111111001111001010001010
01101011000100011010010101111100
10111001000100101100011011011011
11101100000100101110001100100011
01111011000001111110101101010110
01000000100110001010111101101011
00011011111111101100001100001010
11000001101001010010111010000000
01010111100010111001110111010001
00000111011011000101101001101111
10010111100100011100001001111111
01001101100000000111011000001110
11110100100101011101111011100110
10100000101101101011001100011011
00100000000011000101100011110001
01110111101000000010100000101000
11010000001000010110111001000011
11000100001011110010000010110001
11100000001000100101001001110000
11000000101101010101110010010110
11110000001011111100111110001000
11000010100111000100010101111110
10001111110001101101000110000100
00110111011110100101010011100001
10101100110100101100101110010111
10111011101000110101011010110010
01101101001001011010000010101100
00101101011001110010011111100111
00101011101010101100000001111110
01110011110011110000000111110010
10101101100101011011000001011110
10001111000011010111100110101001
10011111110101010100110111111101
01100100011010001111000010010111
01000010100110100010110000100011
01000101110111001100001001101101
00011110100010111110011001100100
11110111111011000010100001001110
10101000111110011000110110001101
11110111000011001110010110000001
10110100011001011001100101011001
00111111100111011101011001000110
01100111000100011000010011100000
00000000101010001000001010001001
11110100100110011000100011101100
01101100101100011011001010101111
11101011100001110010010000100111
00101011100001110010011010010111
10110111110101101011001101100001
00001000101010010001100010111011
00001101100110011011001110001000
00001100000001100100101101101111
10101111100111100010001011011000
10110111110111011001000010100010
11000010011010101000001001010111
00010011001100111100101111000101
10010000001100111000001001001011
10110101000010000011100101001110
00000110000001100000100111000100
10110001011001110000010110011000
01011101010001001010101110011000
01000110100111110111111011001001
00101001100110111000111101011100
11111100100111011010001001100100
01000100100011001100110111111010
00001101101011000101000110010011
01011110110001000001101101011000
00110011000010111110100010001011
01000000111111010101010011011110
11101111110011100011010111110011
10110100010001100011000000011011
01101111110110010111101000100010
00010011011111101011010101010010
10010000010010010011101010000101
01000101101111010111111111110101
10000111000010101111100101111000
11111010010111000111011100111101
01101001010100001010000000000100
00101100111110010101000010011110
10001011000110010100010000100011
11011001101000001110100100110001
10100000010110111100001010011001
00001010000001000010110010001011
00010110011100111000100111100011
10010101111000101100110010000001
01100111100101111000101111000100
01101010101011010100110000010110
10110010011010111101010100111111
00010100101000101001111100000010
01000010111100111000100111100010
01010100010110111010100100111101
01110011010011010111101010010011
00011001010001001111101100100100
11101101101001001100011011100001
11111111101001001111011000100100
10001111001011111011110111010011
11010000011000100110111000100110
01000011010110100110100101001101
01101001010110100111111010001101
00110100111100100011100000110100
01010100001001101011110100110010
00110001010101101111110010101011
01001101110010100001110001111101
00011111010111000101111011101100
10111111010111100000010011000011
10101011111110001010110010101101
10001110000110000011011101010101
11110011000111111010110000000100
00011110110110100101001101010110
01110100100000111110110001110101
00110100010100110000010110001000
01111101110101011111110000101000
01110010001010000000101111010100
10110110010010110110001001010001
01110111110101100100001100101100
00010000101001101000100001011001
11010101110001111110011110010110
10100110101010010011100010101000
00000011000011101101001100101000
11110111011010111000101000100100
10000001010111111111000010000110
11110010011000000110010111010000
11100000011010111110011111010101
00010011010100000001101001001011
00111110101001000100000100100001
10100011111010101010111000011110
00101110001101100011100100011100
00110001001100111111111110011111
00110100000110100111111110010111
10111101101110000001011101010011
01100111111000101100001011100001
01011110110001000010011101101110
10010101111100101101100111010100
11010101011010010010000110001101
01111000001001101010100101101110
11100011010110001001011100011000
00111010000111001011010111011111
11101111100011001110010100100010
01000100100000001011001110100010
11010000110111010101011101000011
00111010011010010010100100101011
00010010111010101001101000110011
01110011100000101111110110100010
11011000011101001011101101110110
10111101100101010100001110111110
10101101100010110010111011001000
01000001000101111000100000100101
00110000001101110110101111101111
10101010011011101000111111111011
00000100010011011111111101000100
01001010111111000000000101100111
00111111110111101101011001001011
10011111001000101100101110011101
01110011010101001000000000111010
10001001111111000000111101111010
00100010101101101110100100001100
11011100010001001100100011011000
00010101100101011101101010100111
00110111101011001111000100011011
00011111110010101000000110010110
01100000001011100001111110011110
10110101110000110000000010111001
00111111000111100001011111010000
11010010110101110010001111000110
11101001110000101000001000011011
01000001110011110100111011011111
01110000011111101001011110011000
01000111010101110010100011110010
11110100110000111010011001010011
11101011110000100110001011100100
00101001101010001111001111001011
10111000011100111000001000011101
00110001110100010100101001000010
11010110110011000100110001000000
01101000110010100111100100001001
00001101000110010101101111100000
01010011011101010000010111101101
10010011100001111011001101110111
10100111000111000000101010100111
11111110001101001110101111101001
00000010100000101100111110011110
10100010011001110101101111010101
00110000011101010001111010101010
00010101100001111001001101010010
01000111001010000000111110010000
00100101010000000111110110111000
01100110010110000001110001110111
11010101111011100001011110010010
00011001111001001100111011111011
00001001111101000001101100100011
10011101010001010010110110111001
01001011100001000001110110001101
00101100100000100001000100100001
11010000101000011111100001000101
10000100110010011101011111000010
01111011011011100100100100111100
10011101110100001100001110011000
10001111100110100000111100001011
00011111010110111101001011010001
11100011111101010011110111110000
10000111111110010101110010110101
00001000111010110000011011000100
10011011001101101100001101001001
11011011000000111001111010000011
10110011011000010100011010010010
01111010101100011001100011100101
10010111100011101110010011001111
11010110100111101011111010011001
10100100101110000111110011100010
00100111100100000100011101111101
01000001111001000010110110011001
00101110110110000001110010010000
10101101111001101001111010101101
10011011101010011010100001001001
00111000100011011101110101110101
11110110000111101010100101000000
11001010100011100010000000010000
10011111101000100010000000011001
00001000101010101001011111011001
11100111010101011000101101010110
01111100000010110001100000010000
00010100110100110111110000100101
00110000111001100011110111110001
01110100110000011110010000011010
11011010000000100010001101011101
00110000000101101011010011101001
00001100110001100111000000011110
00111101010011100111011111010110
11011011100100101111011111000000
00101001000100101110011100000010
10011000110100001101010110011100
00011100111000011011110111010111
11011011100101000101000100000001
10011101100111110001000101000111
01011001010110011111100011111110
00010001010111011010101010101000
00001111000110110111111010000110
11101001111010001101000000100000
00111100100110110111000101010101
11011110101010100000100011110010
00011111101111001110100100001001
00110111101110101111110010100010
10000111100011001001111011011101
00110111100000110101110001011100
10000110000010001111111001010111
01000011010001100011010001100010
11111111011110000101101101101101
01111001000011000110011010101010
01010110001111011010001101100011
11001010011010110111011010010100
10001101101000010110111000000000
01101110011001001010110001010111
10100101101011111101111110010001
00010011111100001110101011111101
11011001101010010100111111010100
00101110111101011100100000011101
10011011100001111011001100110101
01101100111001100111011001110111
10101001101010010000011100101111
10101000101001101100101100110001
11110011101100110100110001001011
11001101001000000111000010010000
10101001010001110010001000010001
00110110101110101111010001101010
01111001001100110011111110111111
01100110001001101010100111111100
11011111101010101100101011010000
00110101100111001000000110101000
00001110100011101010001000101010
00000000011010111110111001000100
11001110011010101110101110010100
00001001011011100011101100001110
00101000011110001011001011100110
01110001001111110100010010011111
11000111111101100001101110110001
01111100010100111100111000110101
11101101101001000000000000110001
11001001000011100000011000101101
00000110100100000100000010100101
01100010100101000101100001000110
10111010110010011000011101011110
11110010100100010101001101001111
00001011101110110111100010000101
01001011010010101000010100010010
00100010101001101101010011011110
00010101100111000111110000100000
00100111001000011100101100101011
10100010000001001101100110011010
00011001110110110010010000101101
10011111000110100101000010110100
00111111010110111010101010011101
00111101010000101111011110011011
